0.345458984375
0.8733062744140625
0.84039306640625
0.5524444580078125
0.7889404296875
0.8658599853515625
0.58563232421875
0.9346466064453125
0.40625
0.7236480712890625
0.45782470703125
0.7914581298828125
0.2286376953125
0.0404205322265625
0.73822021484375
0.4666290283203125
0.787353515625
0.9099273681640625
0.20806884765625
0.8039093017578125
0.1136474609375
0.9259185791015625
0.14862060546875
0.1470489501953125
0.73876953125
0.1821441650390625
0.34112548828125
0.3397979736328125
0.6939697265625
0.2723541259765625
0.06683349609375
0.7259063720703125
0.510498046875
0.2902984619140625
0.10699462890625
0.1491241455078125
0.2196044921875
0.8297271728515625
0.74285888671875
0.9532012939453125
0.3525390625
0.9843902587890625
0.75567626953125
0.9818878173828125
0.9405517578125
0.3480377197265625
0.42669677734375
0.5789337158203125
0.514892578125
0.0144195556640625
0.53717041015625
0.5880889892578125
0.1068115234375
0.5772857666015625
0.36834716796875
0.3531036376953125
0.24755859375
0.1303863525390625
0.70147705078125
0.7177276611328125
0.9683837890625
0.2674713134765625
0.81781005859375
0.0257110595703125
0.800537109375
0.0822906494140625
0.49859619140625
0.1208038330078125
0.7752685546875
0.1685943603515625
0.02508544921875
0.3467559814453125
0.423828125
0.6201324462890625
0.17852783203125
0.5473175048828125
0.7774658203125
0.0306549072265625
0.24017333984375
0.0662384033203125
0.367431640625
0.4939117431640625
0.99127197265625
0.7472686767578125
0.2249755859375
0.6036529541015625
0.71307373046875
0.9341583251953125
0.88134765625
0.4536285400390625
0.18682861328125
0.4706573486328125
0.3677978515625
0.6375885009765625
0.69378662109375
0.7005157470703125
0.215576171875
0.2492828369140625
0.01519775390625
0.4674835205078125
